x_1=0.278811
x_2=0.335946
x_3=0
x_4=0.0710775
x_5=0
x_6=0.187432
x_7=0.0408163
x_8=0.0930795
x_9=0.0340909
x_10=-0.0128424
x_11=-1.47826
x_12=0.0927719
x_13=0.0263158
x_14=0.118941
x_15=-0.902443

Wyniki analityczne z kalkulatora dla małej macierzy 15x15
W pełni pokrywają się z wynikami z solverów
